org_id remap_id
594 0
2692 1
1028 2
720 3
1246 4
914 5
1270 6
2340 7
1097 8
3105 9
1566 10
1207 11
2028 12
150 13
2398 14
2294 15
588 16
3114 17
527 18
1 19
260 20
919 21
745 22
1193 23
661 24
1035 25
2797 26
608 27
1287 28
1022 29
2018 30
1197 31
2762 32
2804 33
531 34
783 35
2791 36
1029 37
48 38
2918 39
2321 40
595 41
2943 42
498 43
318 44
442 45
1537 46
3678 47
2002 48
459 49
434 50
265 51
3068 52
457 53
3809 54
349 55
3468 56
21 57
736 58
3418 59
1955 60
368 61
780 62
1968 63
2126 64
2728 65
2916 66
1372 67
1196 68
1610 69
1096 70
1954 71
2067 72
2571 73
1253 74
95 75
2717 76
380 77
1217 78
1687 79
163 80
1792 81
3893 82
1188 83
2628 84
1527 85
1293 86
647 87
1873 88
1544 89
3147 90
902 91
1259 92
3257 93
593 94
3107 95
3451 96
3735 97
2312 98
1784 99
1801 100
3255 101
1265 102
1408 103
356 104
2194 105
292 106
2501 107
2236 108
1597 109
3256 110
1953 111
648 112
2881 113
1962 114
1385 115
2427 116
1210 117
3030 118
3108 119
1690 120
480 121
235 122
2268 123
3035 124
2353 125
3578 126
1084 127
1244 128
1124 129
1957 130
165 131
3654 132
3095 133
3071 134
1834 135
2858 136
2490 137
1917 138
1079 139
1641 140
1198 141
2470 142
1431 143
590 144
3619 145
2081 146
1378 147
1261 148
3534 149
2355 150
1379 151
733 152
1961 153
1580 154
3421 155
2006 156
1291 157
3671 158
2167 159
104 160
2735 161
1136 162
1394 163
2115 164
3868 165
2871 166
1615 167
2617 168
3168 169
1201 170
2947 171
1387 172
2951 173
3702 174
1214 175
1240 176
3527 177
994 178
1554 179
2560 180
2188 181
728 182
1747 183
3499 184
1392 185
16 186
1729 187
1884 188
2291 189
1513 190
36 191
3476 192
562 193
1721 194
2721 195
3786 196
3799 197
2318 198
2323 199
3100 200
3163 201
1509 202
3624 203
3006 204
1175 205
515 206
3266 207
1885 208
3079 209
2723 210
3020 211
2359 212
506 213
1500 214
1788 215
39 216
896 217
1759 218
377 219
497 220
2700 221
52 222
348 223
2428 224
913 225
299 226
1243 227
1635 228
296 229
1095 230
2734 231
202 232
2716 233
1684 234
2029 235
6 236
2997 237
3409 238
1649 239
3249 240
3051 241
47 242
2959 243
1650 244
1912 245
3744 246
162 247
1046 248
1449 249
194 250
2806 251
1794 252
714 253
176 254
321 255
3081 256
2337 257
1733 258
501 259
3016 260
3267 261
1966 262
357 263
2437 264
1429 265
215 266
1653 267
1529 268
24 269
3513 270
1683 271
1921 272
2770 273
2070 274
866 275
272 276
509 277
1909 278
224 279
2384 280
2987 281
1730 282
800 283
1213 284
1250 285
2333 286
1192 287
1704 288
2013 289
3793 290
3514 291
1485 292
1268 293
29 294
1517 295
2607 296
2289 297
3113 298
860 299
3083 300
2952 301
1093 302
3260 303
2599 304
1594 305
2390 306
1466 307
1732 308
2683 309
3728 310
3046 311
34 312
2395 313
1897 314
2759 315
32 316
229 317
1674 318
3536 319
1030 320
1007 321
3610 322
3501 323
3508 324
3524 325
597 326
2396 327
838 328
1947 329
1043 330
2966 331
199 332
1380 333
2469 334
3699 335
17 336
2100 337
1806 338
1441 339
1569 340
912 341
1959 342
364 343
2406 344
3600 345
3565 346
3682 347
3408 348
920 349
569 350
2082 351
1688 352
1296 353
3717 354
3685 355
1101 356
3753 357
110 358
1221 359
861 360
1722 361
1573 362
474 363
510 364
3213 365
2329 366
1357 367
3148 368
1693 369
111 370
538 371
14 372
2336 373
2908 374
1701 375
161 376
1059 377
3186 378
454 379
1589 380
253 381
3425 382
2429 383
508 384
1660 385
2442 386
269 387
3481 388
1621 389
3250 390
1711 391
2023 392
2699 393
465 394
1916 395
1120 396
1639 397
2712 398
3155 399
1673 400
3386 401
3528 402
589 403
1476 404
42 405
2297 406
282 407
4 408
266 409
3173 410
393 411
345 412
1274 413
73 414
25 415
1810 416
1682 417
2702 418
337 419
2600 420
1678 421
741 422
650 423
908 424
1840 425
2278 426
288 427
3500 428
1027 429
555 430
3259 431
2686 432
3252 433
3265 434
230 435
2890 436
529 437
1552 438
1148 439
1669 440
367 441
1233 442
1617 443
2302 444
3253 445
1343 446
412 447
3298 448
3160 449
1307 450
805 451
3755 452
50 453
3510 454
1060 455
1446 456
3948 457
3452 458
223 459
3916 460
1356 461
3826 462
1223 463
3623 464
1777 465
2166 466
778 467
1310 468
1089 469
524 470
300 471
428 472
2324 473
3270 474
3591 475
2399 476
1302 477
926 478
3247 479
969 480
2657 481
1025 482
3189 483
1009 484
1234 485
1583 486
333 487
765 488
2096 489
3869 490
916 491
1032 492
3264 493
3072 494
2125 495
2046 496
1831 497
2967 498
2529 499
2054 500
2371 501
963 502
344 503
3097 504
1019 505
1254 506
2077 507
904 508
3359 509
3489 510
3447 511
1374 512
2375 513
1220 514
3066 515
3087 516
1020 517
1376 518
2252 519
3438 520
2091 521
3593 522
1091 523
3701 524
1215 525
1269 526
153 527
1276 528
1016 529
2003 530
923 531
3471 532
2087 533
2133 534
1283 535
2033 536
898 537
918 538
2497 539
1927 540
2161 541
2300 542
2407 543
2049 544
1304 545
3153 546
3037 547
1286 548
1676 549
1256 550
3309 551
3388 552
743 553
1088 554
932 555
2009 556
543 557
3751 558
1225 559
3629 560
938 561
277 562
551 563
671 564
2826 565
1377 566
784 567
3175 568
2968 569
3198 570
2393 571
2041 572
1125 573
7 574
2015 575
2078 576
3358 577
971 578
3688 579
1204 580
1292 581
2693 582
2946 583
2094 584
3086 585
2045 586
3296 587
1371 588
1042 589
2431 590
2047 591
1080 592
2105 593
2040 594
3194 595
539 596
1129 597
3675 598
1252 599
586 600
541 601
2948 602
1031 603
3034 604
542 605
1200 606
275 607
1278 608
3723 609
116 610
2140 611
3668 612
3347 613
1411 614
953 615
2001 616
1586 617
2424 618
1127 619
339 620
2496 621
208 622
596 623
2453 624
750 625
1923 626
2011 627
2863 628
2193 629
2012 630
924 631
317 632
1282 633
2043 634
3174 635
186 636
915 637
203 638
2000 639
1135 640
520 641
2109 642
2405 643
180 644
435 645
1015 646
2640 647
2874 648
1203 649
2090 650
3039 651
1345 652
2498 653
1073 654
1375 655
858 656
802 657
3812 658
370 659
3928 660
1756 661
830 662
2093 663
1654 664
1320 665
2436 666
2174 667
653 668
2872 669
1012 670
1104 671
248 672
2137 673
3439 674
2135 675
2138 676
1358 677
764 678
2306 679
2710 680
342 681
2598 682
708 683
3552 684
216 685
3608 686
3182 687
1753 688
2507 689
2106 690
986 691
2795 692
85 693
2539 694
88 695
1461 696
440 697
2766 698
231 699
3396 700
441 701
2136 702
3101 703
3129 704
1288 705
1563 706
1546 707
3178 708
1665 709
3146 710
663 711
2883 712
2335 713
2907 714
481 715
788 716
1498 717
3897 718
1247 719
3362 720
813 721
2616 722
934 723
1303 724
3658 725
952 726
421 727
2370 728
1370 729
1216 730
316 731
329 732
552 733
517 734
592 735
3494 736
2 737
1393 738
1331 739
2641 740
2414 741
10 742
2528 743
1587 744
3269 745
3479 746
3070 747
1967 748
60 749
2005 750
2822 751
3036 752
2694 753
1982 754
1263 755
2976 756
2731 757
3033 758
2572 759
3354 760
2920 761
3261 762
3005 763
2882 764
748 765
3566 766
1619 767
2706 768
1883 769
2707 770
1644 771
1092 772
2272 773
2763 774
3798 775
3461 776
1645 777
2764 778
553 779
500 780
2688 781
3176 782
762 783
2605 784
3535 785
70 786
1892 787
1608 788
1271 789
2581 790
160 791
587 792
257 793
141 794
3004 795
2433 796
2389 797
2387 798
3646 799
1625 800
2676 801
1672 802
2273 803
2485 804
2719 805
1702 806
2724 807
628 808
3301 809
2840 810
2394 811
1804 812
2391 813
1805 814
2567 815
2828 816
2805 817
2722 818
2369 819
2568 820
2720 821
2761 822
2629 823
2975 824
2701 825
1911 826
2888 827
2856 828
3516 829
2713 830
3484 831
2526 832
1748 833
3503 834
319 835
2311 836
2668 837
2549 838
3745 839
446 840
2117 841
1206 842
1301 843
2282 844
164 845
1997 846
247 847
942 848
198 849
1077 850
2542 851
2667 852
2533 853
3827 854
2662 855
1779 856
1624 857
2660 858
2173 859
293 860
1601 861
3863 862
2455 863
3696 864
2377 865
2116 866
1428 867
496 868
3375 869
2752 870
610 871
3932 872
1584 873
503 874
76 875
2613 876
3156 877
2346 878
3246 879
2661 880
2454 881
2021 882
2664 883
340 884
2288 885
2058 886
3417 887
2985 888
3927 889
3594 890
30 891
968 892
1185 893
2663 894
3703 895
1614 896
2010 897
2554 898
3662 899
2527 900
3032 901
3576 902
3300 903
2287 904
1179 905
2089 906
839 907
2718 908
232 909
2052 910
2145 911
2573 912
3526 913
158 914
2989 915
493 916
1275 917
2450 918
3440 919
3911 920
405 921
2153 922
1960 923
3698 924
485 925
2253 926
2893 927
2807 928
1391 929
261 930
2139 931
2025 932
532 933
2020 934
616 935
1956 936
3635 937
44 938
1013 939
1344 940
1591 941
1876 942
3399 943
1367 944
2042 945
3448 946
1033 947
1739 948
1186 949
3398 950
1242 951
2348 952
2123 953
3877 954
222 955
1126 956
26 957
249 958
1918 959
327 960
1562 961
2739 962
3639 963
1005 964
2142 965
262 966
3704 967
2421 968
1606 969
2248 970
2404 971
737 972
2622 973
1907 974
2953 975
940 976
2019 977
353 978
3397 979
1064 980
2080 981
1882 982
2993 983
291 984
2076 985
1036 986
302 987
1396 988
546 989
1321 990
2638 991
2653 992
1262 993
1219 994
1373 995
2649 996
2687 997
2789 998
2790 999
2746 1000
2990 1001
2646 1002
3633 1003
3752 1004
1772 1005
2841 1006
2064 1007
3325 1008
1339 1009
3273 1010
1258 1011
2782 1012
3082 1013
1974 1014
879 1015
1407 1016
1277 1017
1327 1018
1340 1019
2103 1020
2366 1021
2860 1022
2085 1023
2195 1024
2644 1025
842 1026
2004 1027
785 1028
2376 1029
1350 1030
2502 1031
2836 1032
2338 1033
420 1034
3208 1035
2160 1036
3930 1037
2949 1038
330 1039
2647 1040
2991 1041
2423 1042
2296 1043
1994 1044
1468 1045
1694 1046
3000 1047
2800 1048
3268 1049
3053 1050
585 1051
1037 1052
1438 1053
429 1054
678 1055
1347 1056
112 1057
3254 1058
2163 1059
2320 1060
1034 1061
1425 1062
3210 1063
2189 1064
3450 1065
2671 1066
466 1067
3835 1068
799 1069
771 1070
2134 1071
2108 1072
3017 1073
3661 1074
185 1075
2263 1076
3243 1077
3917 1078
1222 1079
312 1080
81 1081
3120 1082
1991 1083
1799 1084
145 1085
1205 1086
786 1087
2072 1088
849 1089
3355 1090
818 1091
1479 1092
2478 1093
2374 1094
2122 1095
3052 1096
798 1097
1405 1098
1689 1099
2265 1100
2141 1101
65 1102
173 1103
473 1104
2794 1105
2124 1106
256 1107
1754 1108
2413 1109
3435 1110
2119 1111
2553 1112
1249 1113
1958 1114
2409 1115
2912 1116
2118 1117
2643 1118
3741 1119
2411 1120
1248 1121
1212 1122
3556 1123
1965 1124
2259 1125
3952 1126
3505 1127
2202 1128
3474 1129
1845 1130
3104 1131
3634 1132
1171 1133
2726 1134
3044 1135
2148 1136
3338 1137
1313 1138
3618 1139
3740 1140
1090 1141
951 1142
2176 1143
125 1144
1227 1145
556 1146
3420 1147
2901 1148
3770 1149
3920 1150
2241 1151
3525 1152
2322 1153
2973 1154
903 1155
3507 1156
2410 1157
911 1158
45 1159
1199 1160
11 1161
1388 1162
1306 1163
659 1164
1218 1165
2917 1166
3361 1167
1094 1168
2757 1169
1663 1170
372 1171
2132 1172
2245 1173
1230 1174
1633 1175
1057 1176
1535 1177
2352 1178
2144 1179
303 1180
3707 1181
3676 1182
1920 1183
2709 1184
2541 1185
157 1186
2574 1187
62 1188
2247 1189
1003 1190
1880 1191
2403 1192
3063 1193
3423 1194
3040 1195
1409 1196
1588 1197
1888 1198
207 1199
463 1200
1593 1201
378 1202
3308 1203
3584 1204
2261 1205
168 1206
413 1207
237 1208
609 1209
2558 1210
3 1211
3846 1212
2473 1213
1463 1214
2014 1215
381 1216
2266 1217
3705 1218
487 1219
832 1220
3689 1221
471 1222
3614 1223
3219 1224
2111 1225
550 1226
3130 1227
2146 1228
612 1229
424 1230
361 1231
2269 1232
2798 1233
2392 1234
3506 1235
135 1236
2915 1237
3502 1238
3056 1239
455 1240
2459 1241
74 1242
38 1243
3684 1244
64 1245
2463 1246
694 1247
2950 1248
3287 1249
472 1250
3098 1251
350 1252
118 1253
1285 1254
1541 1255
3360 1256
2942 1257
315 1258
2154 1259
1021 1260
1556 1261
724 1262
3331 1263
2243 1264
2418 1265
1713 1266
3274 1267
234 1268
1422 1269
1298 1270
3206 1271
122 1272
499 1273
3263 1274
3543 1275
540 1276
217 1277
94 1278
236 1279
195 1280
2875 1281
1457 1282
3638 1283
3422 1284
3248 1285
450 1286
276 1287
2779 1288
1100 1289
1390 1290
605 1291
267 1292
719 1293
1703 1294
1640 1295
2802 1296
2313 1297
518 1298
445 1299
511 1300
5 1301
1833 1302
1381 1303
1294 1304
528 1305
3730 1306
1180 1307
3364 1308
2186 1309
1237 1310
2066 1311
3683 1312
922 1313
955 1314
947 1315
3469 1316
1224 1317
3548 1318
144 1319
901 1320
334 1321
1284 1322
928 1323
3334 1324
2550 1325
930 1326
954 1327
906 1328
846 1329
899 1330
1785 1331
2944 1332
3769 1333
3836 1334
1085 1335
494 1336
3366 1337
2534 1338
3726 1339
3197 1340
3370 1341
3405 1342
3102 1343
3943 1344
1041 1345
3554 1346
1545 1347
2544 1348
1657 1349
3949 1350
1281 1351
921 1352
3096 1353
2936 1354
3028 1355
910 1356
2935 1357
1976 1358
905 1359
1937 1360
3363 1361
1297 1362
2780 1363
2922 1364
3462 1365
3349 1366
2870 1367
2792 1368
3012 1369
3022 1370
3690 1371
2208 1372
946 1373
3244 1374
961 1375
3429 1376
3787 1377
3159 1378
3821 1379
3286 1380
28 1381
3271 1382
2183 1383
1717 1384
431 1385
1295 1386
1152 1387
3167 1388
1189 1389
3169 1390
3204 1391
565 1392
2178 1393
2637 1394
3727 1395
1235 1396
2467 1397
1300 1398
931 1399
1231 1400
1680 1401
3340 1402
3498 1403
3203 1404
1208 1405
3152 1406
581 1407
3110 1408
2303 1409
2932 1410
3546 1411
1464 1412
2926 1413
1272 1414
1699 1415
1945 1416
3018 1417
3935 1418
2867 1419
927 1420
1267 1421
3230 1422
3504 1423
2921 1424
3733 1425
2650 1426
2747 1427
3599 1428
3693 1429
2674 1430
3111 1431
1245 1432
2206 1433
3121 1434
1061 1435
2852 1436
907 1437
3760 1438
2344 1439
2983 1440
2071 1441
1086 1442
2817 1443
837 1444
3088 1445
2383 1446
3597 1447
2379 1448
2796 1449
2432 1450
1895 1451
2382 1452
3712 1453
2378 1454
2380 1455
1835 1456
3785 1457
2416 1458
2385 1459
3700 1460
2633 1461
3320 1462
824 1463
123 1464
155 1465
3091 1466
3681 1467
3365 1468
2919 1469
1949 1470
1081 1471
1172 1472
1419 1473
1251 1474
154 1475
2065 1476
3871 1477
948 1478
3473 1479
2088 1480
3831 1481
2708 1482
2420 1483
1946 1484
2331 1485
3099 1486
3725 1487
2238 1488
3649 1489
3512 1490
2682 1491
2171 1492
2732 1493
3567 1494
2474 1495
2611 1496
2969 1497
58 1498
1264 1499
2575 1500
3788 1501
965 1502
1162 1503
1266 1504
2239 1505
1643 1506
1183 1507
3060 1508
1299 1509
1480 1510
852 1511
3763 1512
3480 1513
3697 1514
2334 1515
2155 1516
178 1517
2972 1518
2774 1519
2815 1520
1147 1521
2250 1522
507 1523
1827 1524
233 1525
449 1526
1963 1527
246 1528
3196 1529
196 1530
3706 1531
1078 1532
2580 1533
1395 1534
3551 1535
252 1536
3864 1537
2506 1538
2677 1539
13 1540
691 1541
2059 1542
46 1543
1620 1544
92 1545
779 1546
1353 1547
1735 1548
2906 1549
2772 1550
86 1551
3406 1552
2816 1553
3628 1554
1017 1555
3519 1556
2941 1557
3412 1558
2402 1559
674 1560
688 1561
976 1562
2430 1563
2669 1564
3062 1565
2537 1566
1658 1567
1049 1568
2034 1569
1257 1570
1590 1571
379 1572
2642 1573
880 1574
1518 1575
2143 1576
3555 1577
3937 1578
2681 1579
2530 1580
2520 1581
3758 1582
2408 1583
2986 1584
2456 1585
172 1586
66 1587
3807 1588
1924 1589
2961 1590
1952 1591
2097 1592
3612 1593
2460 1594
1985 1595
151 1596
1983 1597
3771 1598
1984 1599
2110 1600
1986 1601
2083 1602
107 1603
3251 1604
2107 1605
2846 1606
891 1607
2462 1608
2471 1609
3011 1610
3540 1611
2884 1612
804 1613
753 1614
1398 1615
2356 1616
2292 1617
287 1618
633 1619
3045 1620
909 1621
218 1622
1875 1623
1894 1624
2339 1625
371 1626
2262 1627
492 1628
1914 1629
3874 1630
1453 1631
1782 1632
1279 1633
1821 1634
2316 1635
2443 1636
1226 1637
933 1638
937 1639
3436 1640
1666 1641
943 1642
469 1643
305 1644
1014 1645
3466 1646
2491 1647
3284 1648
1632 1649
3852 1650
3258 1651
2150 1652
1948 1653
2492 1654
2468 1655
489 1656
2829 1657
1018 1658
447 1659
289 1660
1571 1661
1677 1662
2849 1663
140 1664
3873 1665
205 1666
1414 1667
2417 1668
697 1669
2168 1670
3076 1671
2037 1672
2415 1673
3061 1674
2426 1675
35 1676
355 1677
3814 1678
566 1679
1978 1680
2523 1681
847 1682
1975 1683
1971 1684
1972 1685
1102 1686
366 1687
1977 1688
3280 1689
1969 1690
1981 1691
3939 1692
1980 1693
1979 1694
1973 1695
513 1696
3926 1697
54 1698
170 1699
1526 1700
2053 1701
360 1702
836 1703
1474 1704
336 1705
2422 1706
346 1707
533 1708
2531 1709
514 1710
1488 1711
2412 1712
2152 1713
486 1714
673 1715
376 1716
991 1717
1010 1718
453 1719
419 1720
1011 1721
829 1722
2857 1723
239 1724
2555 1725
2016 1726
374 1727
2050 1728
1797 1729
2965 1730
3404 1731
996 1732
1359 1733
1752 1734
1459 1735
516 1736
599 1737
383 1738
280 1739
423 1740
2546 1741
3483 1742
2827 1743
1602 1744
1931 1745
575 1746
835 1747
19 1748
410 1749
1762 1750
1054 1751
159 1752
89 1753
3615 1754
1600 1755
3390 1756
23 1757
2007 1758
3861 1759
3616 1760
3617 1761
3553 1762
2500 1763
886 1764
1047 1765
93 1766
2112 1767
2787 1768
3550 1769
1950 1770
307 1771
2808 1772
1609 1773
519 1774
3557 1775
1280 1776
2315 1777
326 1778
2114 1779
2349 1780
18 1781
3067 1782
193 1783
1334 1784
448 1785
2363 1786
522 1787
2517 1788
1305 1789
1417 1790
190 1791
3764 1792
2781 1793
3307 1794
2750 1795
2851 1796
2264 1797
2120 1798
1836 1799
1365 1800
1816 1801
3342 1802
3157 1803
184 1804
3424 1805
432 1806
1603 1807
1861 1808
322 1809
2328 1810
3078 1811
2793 1812
3605 1813
1623 1814
1333 1815
482 1816
1499 1817
2038 1818
2956 1819
415 1820
3620 1821
571 1822
3660 1823
561 1824
2165 1825
365 1826
2606 1827
242 1828
1211 1829
177 1830
2725 1831
1342 1832
3747 1833
1627 1834
950 1835
3477 1836
611 1837
126 1838
3464 1839
3092 1840
1177 1841
1487 1842
3686 1843
22 1844
427 1845
3802 1846
3708 1847
456 1848
1352 1849
1913 1850
1173 1851
436 1852
718 1853
3918 1854
1726 1855
2017 1856
1483 1857
1769 1858
1686 1859
3179 1860
1190 1861
3437 1862
3571 1863
521 1864
2232 1865
3919 1866
382 1867
358 1868
2639 1869
100 1870
617 1871
893 1872
1522 1873
1130 1874
3393 1875
281 1876
2162 1877
2788 1878
3217 1879
3049 1880
105 1881
2786 1882
1228 1883
3694 1884
3794 1885
3820 1886
2310 1887
2365 1888
2744 1889
3024 1890
695 1891
1760 1892
2364 1893
392 1894
3328 1895
3019 1896
1103 1897
2891 1898
2615 1899
2184 1900
3923 1901
1862 1902
3663 1903
1935 1904
3545 1905
900 1906
3350 1907
3549 1908
3808 1909
3816 1910
2159 1911
3185 1912
3414 1913
3655 1914
945 1915
3224 1916
959 1917
978 1918
314 1919
3910 1920
2532 1921
3134 1922
1951 1923
2147 1924
615 1925
3811 1926
113 1927
2583 1928
1731 1929
3889 1930
3784 1931
3908 1932
3190 1933
3743 1934
3238 1935
3316 1936
2079 1937
974 1938
2314 1939
3724 1940
3613 1941
3200 1942
1450 1943
3478 1944
225 1945
1477 1946
254 1947
3074 1948
3109 1949
664 1950
3929 1951
3841 1952
2290 1953
1934 1954
2819 1955
279 1956
1050 1957
3529 1958
1363 1959
1432 1960
1944 1961
3518 1962
1401 1963
437 1964
630 1965
1161 1966
182 1967
1082 1968
78 1969
79 1970
1938 1971
3844 1972
3145 1973
1964 1974
848 1975
2212 1976
418 1977
1366 1978
3789 1979
2457 1980
2435 1981
2738 1982
3142 1983
3103 1984
640 1985
3729 1986
3738 1987
782 1988
3201 1989
949 1990
2648 1991
929 1992
2472 1993
3015 1994
82 1995
1727 1996
475 1997
707 1998
3330 1999
2177 2000
1099 2001
3317 2002
2341 2003
2755 2004
2672 2005
3007 2006
166 2007
1707 2008
2596 2009
3115 2010
2913 2011
1416 2012
9 2013
2803 2014
637 2015
1919 2016
1939 2017
973 2018
3467 2019
2690 2020
1926 2021
3069 2022
3112 2023
1209 2024
476 2025
2434 2026
2439 2027
40 2028
43 2029
2995 2030
3285 2031
1187 2032
3124 2033
2625 2034
2196 2035
3596 2036
2448 2037
3767 2038
3768 2039
240 2040
2170 2041
8 2042
2879 2043
692 2044
704 2045
1066 2046
869 2047
2357 2048
631 2049
238 2050
3400 2051
2899 2052
700 2053
502 2054
1848 2055
258 2056
1582 2057
146 2058
3054 2059
1460 2060
181 2061
2354 2062
1592 2063
711 2064
2036 2065
1551 2066
87 2067
801 2068
169 2069
2092 2070
577 2071
709 2072
3710 2073
3783 2074
3898 2075
536 2076
2771 2077
1131 2078
1024 2079
72 2080
2971 2081
3282 2082
3606 2083
568 2084
298 2085
84 2086
156 2087
1734 2088
417 2089
1871 2090
2873 2091
1348 2092
3742 2093
1178 2094
69 2095
1260 2096
3093 2097
2924 2098
55 2099
2519 2100
941 2101
3859 2102
3825 2103
3914 2104
3324 2105
3299 2106
3118 2107
754 2108
362 2109
583 2110
2347 2111
2157 2112
3672 2113
390 2114
3384 2115
477 2116
2190 2117
3896 2118
294 2119
1858 2120
63 2121
3879 2122
468 2123
3141 2124
2279 2125
2582 2126
2880 2127
2060 2128
2027 2129
993 2130
1437 2131
2540 2132
999 2133
268 2134
1238 2135
2073 2136
3511 2137
2714 2138
3824 2139
558 2140
3453 2141
2169 2142
3225 2143
2102 2144
3454 2145
2876 2146
1750 2147
2566 2148
1595 2149
3515 2150
2978 2151
2048 2152
3604 2153
3882 2154
1605 2155
1881 2156
204 2157
464 2158
2373 2159
667 2160
2818 2161
1681 2162
1599 2163
3933 2164
3837 2165
1542 2166
534 2167
3736 2168
3341 2169
1940 2170
1936 2171
2203 2172
2565 2173
2904 2174
1929 2175
936 2176
1069 2177
2937 2178
2210 2179
2938 2180
3901 2181
2535 2182
2367 2183
3441 2184
2524 2185
3946 2186
3936 2187
71 2188
1755 2189
3177 2190
3754 2191
2877 2192
3791 2193
3713 2194
3357 2195
3872 2196
3915 2197
3580 2198
1616 2199
15 2200
2285 2201
2861 2202
998 2203
1515 2204
3029 2205
2181 2206
1942 2207
1661 2208
1925 2209
3521 2210
3938 2211
3925 2212
2098 2213
2231 2214
2280 2215
1860 2216
1325 2217
2940 2218
2182 2219
3327 2220
3895 2221
1995 2222
3537 2223
2461 2224
2476 2225
1023 2226
12 2227
2026 2228
3843 2229
1328 2230
2736 2231
2652 2232
332 2233
1996 2234
1999 2235
3403 2236
2368 2237
2665 2238
273 2239
2104 2240
3921 2241
2149 2242
3840 2243
1992 2244
1326 2245
1337 2246
1329 2247
2645 2248
2121 2249
606 2250
3013 2251
3138 2252
2878 2253
2634 2254
1993 2255
3491 2256
1322 2257
2635 2258
2113 2259
1988 2260
2327 2261
2515 2262
3941 2263
3942 2264
3806 2265
1128 2266
324 2267
2401 2268
2525 2269
3659 2270
892 2271
241 2272
3934 2273
1841 2274
3387 2275
2381 2276
2928 2277
3849 2278
101 2279
3426 2280
491 2281
897 2282
259 2283
1783 2284
387 2285
2267 2286
1715 2287
3389 2288
2745 2289
1890 2290
2749 2291
416 2292
3211 2293
451 2294
3766 2295
2249 2296
2242 2297
2518 2298
1083 2299
20 2300
1987 2301
3497 2302
982 2303
544 2304
3430 2305
3465 2306
687 2307
1355 2308
603 2309
1290 2310
2260 2311
458 2312
3304 2313
1389 2314
3014 2315
2551 2316
2343 2317
2866 2318
3125 2319
1442 2320
2741 2321
461 2322
171 2323
1879 2324
1063 2325
1415 2326
41 2327
3822 2328
3720 2329
3150 2330
715 2331
3538 2332
373 2333
3756 2334
3857 2335
2561 2336
3795 2337
2284 2338
3154 2339
3132 2340
3311 2341
3073 2342
1647 2343
467 2344
1472 2345
1053 2346
1662 2347
1404 2348
384 2349
2458 2350
2654 2351
1855 2352
3444 2353
781 2354
1543 2355
1596 2356
3416 2357
406 2358
3819 2359
211 2360
3746 2361
535 2362
574 2363
306 2364
2697 2365
645 2366
1900 2367
627 2368
665 2369
1719 2370
147 2371
1859 2372
97 2373
668 2374
2929 2375
649 2376
175 2377
2925 2378
2499 2379
2361 2380
129 2381
3509 2382
3064 2383
1670 2384
548 2385
3884 2386
3719 2387
3813 2388
1454 2389
3094 2390
1856 2391
1289 2392
3392 2393
549 2394
3395 2395
290 2396
213 2397
206 2398
3627 2399
735 2400
3679 2401
2612 2402
1941 2403
2204 2404
490 2405
3801 2406
3292 2407
2862 2408
2570 2409
3853 2410
3855 2411
935 2412
2801 2413
3135 2414
1354 2415
1194 2416
1004 2417
1667 2418
3089 2419
760 2420
944 2421
2086 2422
460 2423
3433 2424
351 2425
2301 2426
3434 2427
1445 2428
2748 2429
2494 2430
808 2431
3585 2432
2626 2433
338 2434
3431 2435
3214 2436
2240 2437
1008 2438
2670 2439
2939 2440
870 2441
3432 2442
3718 2443
3625 2444
3055 2445
3192 2446
320 2447
787 2448
308 2449
1191 2450
117 2451
3117 2452
3272 2453
2730 2454
1123 2455
132 2456
363 2457
2769 2458
1910 2459
2360 2460
1611 2461
3077 2462
391 2463
3539 2464
2696 2465
1516 2466
1112 2467
3906 2468
3858 2469
2812 2470
1202 2471
759 2472
426 2473
1896 2474
3823 2475
3598 2476
3581 2477
1539 2478
987 2479
1502 2480
3302 2481
1648 2482
68 2483
1629 2484
425 2485
1236 2486
3275 2487
1904 2488
1564 2489
3860 2490
3749 2491
274 2492
325 2493
3470 2494
3415 2495
1581 2496
3199 2497
564 2498
2295 2499
2977 2500
2255 2501
352 2502
2905 2503
271 2504
3394 2505
1273 2506
209 2507
1812 2508
2130 2509
2022 2510
766 2511
214 2512
670 2513
602 2514
1361 2515
2330 2516
83 2517
2597 2518
1456 2519
809 2520
1869 2521
1489 2522
2482 2523
438 2524
152 2525
1604 2526
1473 2527
1119 2528
2974 2529
2548 2530
479 2531
98 2532
2514 2533
1744 2534
742 2535
179 2536
2835 2537
2516 2538
3709 2539
1902 2540
2996 2541
2656 2542
3924 2543
3520 2544
2666 2545
3592 2546
2035 2547
2513 2548
3401 2549
1051 2550
3262 2551
831 2552
984 2553
3673 2554
201 2555
2325 2556
1930 2557
1928 2558
1933 2559
1932 2560
2587 2561
876 2562
1943 2563
3329 2564
1421 2565
3475 2566
1169 2567
2511 2568
99 2569
2659 2570
2180 2571
2630 2572
680 2573
1572 2574
3559 2575
2864 2576
3090 2577
2927 2578
2440 2579
3188 2580
3913 2581
3235 2582
2579 2583
3456 2584
2970 2585
3568 2586
3002 2587
3680 2588
1132 2589
1631 2590
3241 2591
2729 2592
3047 2593
3951 2594
3950 2595
2824 2596
1922 2597
3885 2598
2351 2599
669 2600
3865 2601
1068 2602
1232 2603
854 2604
183 2605
3075 2606
3903 2607
970 2608
957 2609
3281 2610
3127 2611
2504 2612
2590 2613
1044 2614
851 2615
2271 2616
2372 2617
3041 2618
3385 2619
3715 2620
3391 2621
3144 2622
2820 2623
1825 2624
31 2625
3564 2626
1323 2627
3449 2628
2419 2629
2552 2630
573 2631
3008 2632
523 2633
2679 2634
1547 2635
483 2636
3711 2637
1399 2638
2678 2639
803 2640
2689 2641
621 2642
1728 2643
388 2644
806 2645
2276 2646
1725 2647
2621 2648
2963 2649
2711 2650
988 2651
187 2652
2994 2653
301 2654
3128 2655
2024 2656
57 2657
613 2658
3839 2659
409 2660
2894 2661
3886 2662
1475 2663
761 2664
3457 2665
2614 2666
1626 2667
504 2668
3810 2669
547 2670
1866 2671
1497 2672
1495 2673
2099 2674
3909 2675
137 2676
1844 2677
2602 2678
188 2679
717 2680
774 2681
725 2682
3902 2683
67 2684
328 2685
1058 2686
635 2687
3158 2688
2305 2689
810 2690
2844 2691
2488 2692
1891 2693
2425 2694
3867 2695
407 2696
1771 2697
255 2698
3181 2699
2585 2700
2768 2701
3532 2702
1741 2703
1105 2704
80 2705
525 2706
1998 2707
2609 2708
1795 2709
632 2710
2624 2711
488 2712
2512 2713
3796 2714
3459 2715
2505 2716
1646 2717
3326 2718
295 2719
2445 2720
2447 2721
3761 2722
227 2723
3162 2724
2865 2725
1874 2726
354 2727
414 2728
430 2729
1346 2730
1854 2731
433 2732
174 2733
2651 2734
710 2735
408 2736
3180 2737
2589 2738
1642 2739
27 2740
875 2741
3945 2742
3834 2743
3165 2744
149 2745
917 2746
1427 2747
1531 2748
1523 2749
3031 2750
2809 2751
1317 2752
2999 2753
1410 2754
2286 2755
119 2756
148 2757
3048 2758
3043 2759
2032 2760
2051 2761
639 2762
3161 2763
1863 2764
1397 2765
3590 2766
3653 2767
1857 2768
3870 2769
2685 2770
3042 2771
964 2772
2151 2773
102 2774
2889 2775
3496 2776
444 2777
3622 2778
1839 2779
537 2780
3695 2781
3804 2782
2345 2783
2900 2784
1484 2785
1076 2786
3579 2787
3187 2788
1585 2789
877 2790
662 2791
1664 2792
3547 2793
2610 2794
1811 2795
263 2796
3010 2797
2830 2798
3562 2799
1114 2800
1533 2801
1150 2802
1471 2803
3716 2804
3050 2805
3851 2806
2062 2807
2839 2808
885 2809
3563 2810
2068 2811
2075 2812
3544 2813
128 2814
811 2815
3221 2816
751 2817
1612 2818
2859 2819
3854 2820
3577 2821
77 2822
638 2823
3830 2824
958 2825
2069 2826
1503 2827
1423 2828
844 2829
3171 2830
3714 2831
3586 2832
3371 2833
3222 2834
3379 2835
833 2836
1382 2837
2475 2838
3643 2839
2451 2840
3732 2841
2477 2842
3487 2843
512 2844
2902 2845
3367 2846
2988 2847
210 2848
2704 2849
2627 2850
1867 2851
3667 2852
1870 2853
313 2854
505 2855
1134 2856
2751 2857
3572 2858
619 2859
2057 2860
2848 2861
1824 2862
2979 2863
1598 2864
1241 2865
1655 2866
2992 2867
2655 2868
3931 2869
3664 2870
3058 2871
1970 2872
2636 2873
3021 2874
3833 2875
3692 2876
3838 2877
3573 2878
2740 2879
3488 2880
2784 2881
3339 2882
2095 2883
2362 2884
2388 2885
3569 2886
834 2887
3345 2888
652 2889
755 2890
2886 2891
1496 2892
3318 2893
1165 2894
3335 2895
3346 2896
3651 2897
3490 2898
1335 2899
3119 2900
1989 2901
656 2902
2855 2903
2868 2904
2545 2905
3344 2906
3677 2907
767 2908
1743 2909
1002 2910
3372 2911
1482 2912
3674 2913
1465 2914
3531 2915
840 2916
1679 2917
2799 2918
865 2919
867 2920
1822 2921
747 2922
1439 2923
882 2924
2084 2925
1746 2926
1164 2927
3669 2928
3645 2929
580 2930
1362 2931
3446 2932
2008 2933
681 2934
1332 2935
2464 2936
2903 2937
2898 2938
1990 2939
3276 2940
1887 2941
3310 2942
3133 2943
3782 2944
3781 2945
3665 2946
484 2947
1826 2948
343 2949
2219 2950
3038 2951
2237 2952
3106 2953
2386 2954
1507 2955
3445 2956
375 2957
3289 2958
331 2959
1163 2960
863 2961
2933 2962
2825 2963
1039 2964
2673 2965
841 2966
2843 2967
722 2968
3343 2969
470 2970
3240 2971
1798 2972
1490 2973
1525 2974
2175 2975
2885 2976
1006 2977
1351 2978
1550 2979
2620 2980
422 2981
1651 2982
2293 2983
75 2984
1511 2985
2400 2986
1067 2987
2733 2988
1153 2989
1383 2990
309 2991
49 2992
2810 2993
3670 2994
1817 2995
3922 2996
939 2997
1749 2998
3773 2999
1773 3000
228 3001
2767 3002
124 3003
1659 3004
478 3005
191 3006
250 3007
1508 3008
1413 3009
2479 3010
2298 3011
1111 3012
881 3013
685 3014
3626 3015
1807 3016
807 3017
2055 3018
3947 3019
3817 3020
2063 3021
1149 3022
2483 3023
1255 3024
1330 3025
2853 3026
3637 3027
2754 3028
1341 3029
746 3030
2618 3031
3374 3032
106 3033
1809 3034
2715 3035
1758 3036
1184 3037
2837 3038
828 3039
1695 3040
1865 3041
3739 3042
1176 3043
2179 3044
3912 3045
2521 3046
341 3047
1167 3048
2074 3049
1538 3050
1336 3051
2128 3052
2044 3053
2737 3054
3790 3055
1889 3056
3428 3057
2326 3058
2847 3059
2854 3060
1837 3061
1113 3062
2275 3063
347 3064
1720 3065
3410 3066
570 3067
578 3068
411 3069
2931 3070
2495 3071
2911 3072
3892 3073
3122 3074
3143 3075
2896 3076
3368 3077
3792 3078
2481 3079
1656 3080
626 3081
1312 3082
278 3083
1000 3084
212 3085
1440 3086
3774 3087
56 3088
251 3089
121 3090
462 3091
2031 3092
3648 3093
1893 3094
2586 3095
716 3096
2446 3097
1579 3098
2522 3099
2487 3100
3900 3101
3721 3102
2131 3103
1447 3104
2778 3105
3765 3106
3587 3107
1501 3108
1056 3109
990 3110
1791 3111
2850 3112
103 3113
3805 3114
1062 3115
2559 3116
2486 3117
726 3118
270 3119
3797 3120
3239 3121
200 3122
3737 3123
2158 3124
1899 3125
114 3126
3691 3127
3940 3128
443 3129
3734 3130
2256 3131
2753 3132
1055 3133
731 3134
992 3135
2227 3136
3313 3137
3442 3138
2201 3139
2211 3140
1853 3141
3291 3142
3632 3143
495 3144
705 3145
3314 3146
3139 3147
3776 3148
3775 3149
888 3150
1570 3151
3759 3152
3611 3153
3878 3154
3848 3155
2897 3156
402 3157
3137 3158
1565 3159
2631 3160
297 3161
1406 3162
1549 3163
369 3164
956 3165
1311 3166
1692 3167
3731 3168
1168 3169
3862 3170
2869 3171
3883 3172
3866 3173
3894 3174
2892 3175
3899 3176
3891 3177
3183 3178
2695 3179
3407 3180
3463 3181
1170 3182
3378 3183
1846 3184
136 3185
3223 3186
3232 3187
386 3188
2466 3189
554 3190
1458 3191
2536 3192
2200 3193
2465 3194
850 3195
545 3196
2773 3197
385 3198
1767 3199
167 3200
1117 3201
614 3202
1412 3203
2577 3204
1040 3205
2760 3206
3803 3207
2756 3208
3575 3209
2397 3210
1696 3211
3306 3212
2509 3213
634 3214
2205 3215
304 3216
2207 3217
2164 3218
2727 3219
3647 3220
244 3221
2493 3222
2914 3223
2960 3224
1780 3225
2061 3226
2317 3227
2187 3228
2185 3229
61 3230
1864 3231
2215 3232
3570 3233
3640 3234
1493 3235
1829 3236
2510 3237
2594 3238
1455 3239
1793 3240
1151 3241
2156 3242
3026 3243
2251 3244
3880 3245
3588 3246
2785 3247
3495 3248
3319 3249
1514 3250
1561 3251
2945 3252
359 3253
1901 3254
59 3255
2578 3256
3523 3257
2283 3258
960 3259
3427 3260
2449 3261
452 3262
3777 3263
397 3264
2452 3265
1575 3266
2593 3267
3944 3268
3780 3269
2813 3270
2538 3271
2842 3272
1814 3273
1613 3274
2191 3275
792 3276
3218 3277
3850 3278
3875 3279
3333 3280
3402 3281
3800 3282
600 3283
821 3284
220 3285
335 3286
3001 3287
1426 3288
2556 3289
2350 3290
2981 3291
3845 3292
1144 3293
814 3294
702 3295
980 3296
2775 3297
96 3298
2246 3299
3574 3300
389 3301
1071 3302
1160 3303
2998 3304
1486 3305
1154 3306
2197 3307
744 3308
559 3309
1906 3310
1504 3311
33 3312
1494 3313
2691 3314
37 3315
3602 3316
1671 3317
3482 3318
3126 3319
2658 3320
1324 3321
189 3322
1174 3323
2758 3324
1898 3325
108 3326
3209 3327
2129 3328
1519 3329
1098 3330
1622 3331
1038 3332
2923 3333
997 3334
1567 3335
3151 3336
1668 3337
1433 3338
3847 3339
3351 3340
2982 3341
3772 3342
2257 3343
3140 3344
3492 3345
394 3346
598 3347
563 3348
197 3349
3116 3350
2192 3351
672 3352
730 3353
2234 3354
526 3355
90 3356
2557 3357
53 3358
1116 3359
1872 3360
264 3361
2233 3362
2765 3363
567 3364
245 3365
2503 3366
283 3367
2705 3368
2675 3369
729 3370
862 3371
682 3372
895 3373
925 3374
120 3375
962 3376
618 3377
2172 3378
2307 3379
3757 3380
243 3381
3003 3382
3486 3383
2814 3384
967 3385
2056 3386
972 3387
641 3388
2608 3389
2342 3390
1444 3391
1138 3392
793 3393
2776 3394
3657 3395
1574 3396
1675 3397
769 3398
2576 3399
1087 3400
985 3401
131 3402
1436 3403
698 3404
3542 3405
192 3406
2127 3407
887 3408
2441 3409
1850 3410
2831 3411
2358 3412
2281 3413
2562 3414
1181 3415
1849 3416
3205 3417
3644 3418
401 3419
2209 3420
3131 3421
3228 3422
776 3423
864 3424
1315 3425
3293 3426
219 3427
3305 3428
1121 3429
3380 3430
643 3431
823 3432
3419 3433
2632 3434
3888 3435
2619 3436
1877 3437
3722 3438
2101 3439
2563 3440
3905 3441
853 3442
1026 3443
3904 3444
1548 3445
1878 3446
1903 3447
666 3448
696 3449
2964 3450
1364 3451
1360 3452
1349 3453
3517 3454
2984 3455
3601 3456
3322 3457
310 3458
3303 3459
2743 3460
3887 3461
3876 3462
3312 3463
142 3464
2569 3465
1145 3466
3493 3467
1908 3468
1652 3469
2742 3470
977 3471
3687 3472
2304 3473
3641 3474
1558 3475
2332 3476
1118 3477
2484 3478
789 3479
579 3480
3212 3481
734 3482
623 3483
2235 3484
3321 3485
3216 3486
2821 3487
2584 3488
1852 3489
1142 3490
796 3491
1787 3492
601 3493
2277 3494
1386 3495
1115 3496
3778 3497
2887 3498
3136 3499
644 3500
3166 3501
1764 3502
1553 3503
1630 3504
1510 3505
859 3506
3283 3507
3245 3508
884 3509
756 3510
3085 3511
3832 3512
1685 3513
703 3514
3748 3515
1528 3516
815 3517
2254 3518
2299 3519
1520 3520
3642 3521
1369 3522
775 3523
1420 3524
2962 3525
684 3526
690 3527
1534 3528
3652 3529
3277 3530
3522 3531
3377 3532
3295 3533
557 3534
1107 3535
560 3536
706 3537
3458 3538
1384 3539
1815 3540
2834 3541
3288 3542
3352 3543
1770 3544
2934 3545
398 3546
989 3547
3184 3548
2783 3549
1532 3550
966 3551
2221 3552
874 3553
2592 3554
657 3555
3890 3556
2039 3557
3818 3558
749 3559
582 3560
642 3561
3297 3562
732 3563
2930 3564
3057 3565
3472 3566
130 3567
139 3568
3025 3569
2955 3570
655 3571
3485 3572
790 3573
1915 3574
2833 3575
1714 3576
2244 3577
3207 3578
3533 3579
3242 3580
1851 3581
1718 3582
1830 3583
3881 3584
1796 3585
2777 3586
3666 3587
757 3588
2895 3589
1886 3590
981 3591
1470 3592
679 3593
3149 3594
3636 3595
3373 3596
1555 3597
3443 3598
3215 3599
3779 3600
3609 3601
1430 3602
1724 3603
2223 3604
3233 3605
3237 3606
3595 3607
3172 3608
3065 3609
1139 3610
3631 3611
3603 3612
572 3613
2823 3614
2213 3615
975 3616
2217 3617
3202 3618
3376 3619
311 3620
1905 3621
3027 3622
2258 3623
2623 3624
396 3625
2444 3626
868 3627
3828 3628
3413 3629
1316 3630
878 3631
226 3632
2811 3633
3236 3634
827 3635
1820 3636
701 3637
3337 3638
1070 3639
607 3640
2214 3641
138 3642
530 3643
660 3644
584 3645
3229 3646
843 3647
3762 3648
3336 3649
820 3650
133 3651
3123 3652
2591 3653
1709 3654
3290 3655
3164 3656
1832 3657
439 3658
134 3659
2480 3660
1842 3661
2309 3662
3084 3663
2218 3664
2308 3665
3353 3666
624 3667
1434 3668
1868 3669
404 3670
791 3671
2543 3672
591 3673
3656 3674
3381 3675
2438 3676
127 3677
3382 3678
3323 3679
3530 3680
2198 3681
2703 3682
1636 3683
3621 3684
1133 3685
3607 3686
2909 3687
826 3688
658 3689
576 3690
758 3691
712 3692
3294 3693
3220 3694
651 3695
2226 3696
889 3697
872 3698
3842 3699
763 3700
3460 3701
3315 3702
1843 3703
286 3704
2845 3705
